64
64
3098 -8558 -9676 1247 -6352 -9736 -2301 -8832 3540 6570 189 -5004 9280 -6752 -5690 -3339 -8323 -6719 2170 -3089 5077 8921 -3512 -5669 -8137 6446 6727 -9403 -2337 9052 295 2330 -439 -819 -6351 3307 -442 2287 -6932 -4903 -503 4929 1413 -5807 -7403 -5312 268 -2763 8956 -8181 -9204 -3378 4215 8631 -6323 6418 9380 -6057 2445 3383 9683 1416 1549 -3262
 1831 -9527 6722 7697 3188 3011 1318 55 8863 5314 9341 -797 2571 8886 -4798 2651 7801 5591 9716 -641 2771 -5919 7115 2413 6588 -7670 -1515 -7262 -9506 5122 -7415 -9188 5228 -4810 7028 -2905 8510 9734 7750 -113 -8195 -44 1807 1952 -2091 8111 76 2192 -4701 -7891 7920 7558 5184 5018 1037 -5110 -6552 1945 5073 8074 9580 -4560 3581 9418
 890 1635 -6794 -365 150 -8311 -6081 5033 847 5477 9816 -5830 -3857 9395 952 3710 -826 -163 2745 -7682 9679 -945 816 6875 -8287 -8715 6382 -1806 2430 -9204 -4005 8702 -969 -3617 7594 8521 -4448 8380 -3592 -3935 -2512 -6419 8396 -8933 -5318 7840 1064 9142 3001 1501 -7456 9002 1828 4302 -5685 -1024 5202 7808 8956 8713 2266 6370 2311 9687
 -5084 -9111 8045 2489 -7184 2720 -53 -7940 563 -1953 4257 8348 6562 -205 9811 -5558 4434 8542 -9830 4938 -8490 7573 -7766 3352 -5812 -8463 9888 793 -7338 3474 -3195 -4745 4438 -5824 -4734 8091 -9271 7079 8401 -7248 8727 6322 7455 -7613 7719 -2133 -3016 1085 6589 6543 -681 -3485 -5946 3512 4823 -913 -4793 4899 -3639 -6511 -6322 7066 -6592 6859
 -195 488 6152 -6676 5966 -8767 2569 2941 5661 -5589 5962 -8982 -4103 3808 1059 -3418 4 5258 8827 -4545 -5661 7646 -8984 -5377 6875 -798 -1486 6667 8690 -7172 8 -3169 -4293 -5116 9240 7920 6607 2119 -6448 -9967 5438 -7940 -7539 482 5257 -7746 -1716 -9311 -393 -8193 199 1656 -5634 -6673 -6481 3635 9069 -9224 6851 400 -1441 5213 1322 -2998
 1690 -3934 -4963 9734 -7614 9070 -8450 5012 1140 -3135 3615 1143 3676 -7377 -7512 7578 -4524 8800 893 1019 -5637 436 -3468 -2065 -7298 9906 -5624 -7590 7812 1614 7545 -8532 -5923 5045 20 4216 2022 7019 -6555 -5326 -6831 7812 7186 2246 2118 -1013 930 -6438 825 9253 -3691 7990 -554 -5709 9099 -4163 9132 -4921 -4274 8840 -8673 8373 -5648 339
 66 -3203 -7795 1542 1722 4590 1507 1768 -6884 -5425 4199 -4303 8140 -5972 -5553 -6841 -4517 -5342 -9813 -6497 -3641 659 -6303 3017 -6519 -9983 1975 237 -1897 6272 -9207 -9852 3070 5161 1321 -9892 1387 -7757 439 -8089 -789 -7736 -7517 1588 -3219 -5637 9244 -7549 -7116 3667 -1660 -1229 -5489 1708 -9415 -5748 -7563 -9114 4498 2615 -4440 -947 -8056 -5146
 -7802 5266 3031 -594 1856 -60 4083 -1711 -1528 7015 -1777 -2607 -9160 -2743 3761 7625 5614 716 -6949 3185 -7689 -5317 8049 -482 -458 8650 1386 -8039 4687 -6349 8779 4259 8246 3299 1003 -2214 -8897 -7011 -8751 3134 7635 8678 -5025 -1492 -5641 -2372 3274 -7967 -9114 -2040 7073 -4604 86 -8349 -7368 -3406 -6660 8738 -897 1724 -7079 6288 -7707 -7795
 2189 -4603 3101 -9990 -2565 8873 802 -3262 8150 -994 9992 8876 -3454 7443 3369 -4325 9615 669 3919 6145 -9382 9532 -7892 -2084 7595 9501 -7392 -5952 1100 1666 7195 -210 2703 -4706 -2836 -1838 -6848 -6021 3512 1315 5357 3150 -4615 -693 7389 -1749 1480 -7045 -2706 7200 4464 -3217 -7318 -5567 57 2258 -9840 -7646 -9995 2125 1220 7639 6492 -5779
 -1601 9860 1058 2911 1870 -6402 -5302 321 -4299 2899 -8703 -4705 1430 615 -7962 5229 -164 -1693 5604 4069 1876 -7007 -9682 5225 408 -9191 -6138 9859 5451 -5741 -1088 1323 -8608 4820 3864 -3109 5084 5666 -3768 7566 9005 3427 2321 4443 6499 -8025 -1843 -7829 -7888 6771 9916 8051 -3090 -5459 1248 6293 1522 4501 -2037 1978 5414 -4419 -5579 562
 9107 -8290 -5328 9530 -933 5459 -5814 9566 4320 4262 3516 -3563 -5711 -8914 -3050 8094 8514 1551 9933 2483 9231 4765 -9325 9713 -8499 -6615 6150 -9924 -9448 -1105 6844 5943 604 596 2721 -2912 852 -2009 6338 -9256 3686 3435 -8603 -4433 -938 -5767 9476 -4648 -9874 -4097 7563 9428 -8526 -3176 -4374 5781 7987 -3426 -7913 9537 -7996 1508 -8481 -1073
 8985 5147 169 -6902 -7176 -4305 -6594 9053 467 -6638 -7290 1486 -3721 -8160 5645 3704 876 -2852 -6680 -5709 -112 -6229 -7990 7298 7809 8993 -2645 -1511 -9081 1332 -8244 -7129 2694 851 -4548 8956 3283 -941 7740 -3389 -8933 -5699 2671 -4335 -3067 -7124 8758 5692 1815 3096 -8482 6774 -2064 -6271 6779 4638 4644 -8 1414 -5456 8846 7674 5817 -4640
 990 -6158 -9356 -4064 1521 -4864 9079 -5453 -9573 3981 -5569 4185 7781 3203 -8123 -2639 4547 1095 9618 6464 8092 -5692 -7578 -2858 -4344 6297 5882 -8481 3645 -1200 -829 6153 8886 -6293 2369 8279 2424 -4197 2524 7792 -718 -9030 1885 4920 -8009 3114 -7880 5062 -7852 7940 -3423 -9903 -4140 6613 9885 -7765 -1143 -6155 -4045 3818 5637 -3346 -664 -5122
 -9259 -4268 -9954 7803 -5438 -8361 1584 592 -3358 9647 6319 4143 9249 -9958 8141 4024 2619 -7216 -1735 -72 1854 2764 -4718 6659 -821 -4365 -4901 -4811 -5981 6969 -5308 3542 8873 -9694 -7712 -4167 -6360 -8250 -7886 2490 5237 -3857 7126 2076 -2150 -6736 -7652 -1119 8667 -5033 8771 -2480 5506 9158 -1449 -4241 7954 -1551 2304 -983 7645 9091 -9661 5878
 1355 -278 5768 -8313 -1 -2053 -7004 -1276 7292 1439 -1386 -8966 -6361 1662 -8319 -9276 7314 -2966 9415 5908 -919 -3203 6918 3290 -3737 7967 -8095 -6247 -522 5677 -2856 -4332 -2510 9834 5715 551 -3916 -2404 1211 1564 -2489 3775 6534 5548 7788 5774 6567 8501 -8965 5771 7149 -1363 -6197 -4100 527 409 -9121 -8656 -3620 2353 8435 9492 -8297 4266
 -7718 -1529 5792 -7454 -7003 -7687 258 7127 8550 6272 7613 7872 -5065 1205 3858 -1430 3412 8152 8487 -3796 -656 -7570 1727 2331 6072 1270 -9486 -5969 4394 -3150 4207 -5850 6719 3403 1132 -3267 2572 6263 -7492 -4519 -5813 1206 7505 -2251 5025 -6097 2409 901 -8627 8689 -9758 -4030 -3156 2865 -8042 7208 -9088 -4184 -3577 1822 9369 3536 -5639 -4774
 -2302 -9490 -2811 -6141 -6781 3797 897 1616 1033 6608 8533 -3700 -7420 -3755 -3978 -5518 -4121 -7272 4392 7809 7533 808 4911 -6208 -7923 4927 9875 -3598 8722 -8682 9130 1090 -9391 -6962 -912 -7181 8151 -8219 -4810 -6285 1869 9143 -1187 371 -7433 4357 -3338 -3846 470 -8447 -1350 4043 -810 -9574 -6601 7840 9098 -7824 1180 -6216 8149 564 -6163 1573
 -2069 -6744 3416 -5602 9379 -7249 1534 -1827 7296 -2669 4573 3606 -6779 -6374 3994 -7795 -4223 4063 -1187 9667 3814 -4062 9456 2359 -2076 5152 -996 1797 9297 -1592 -8209 -4770 372 3112 7636 -2069 6654 -7941 9309 6573 -7435 -7657 8793 -7887 -8362 8758 5833 -7380 6287 3742 -897 3280 5620 6749 4968 -1276 -7543 9766 -4190 -2145 -677 -8007 -4434 2851
 5488 7859 4725 9779 -2768 2615 -4799 -6602 -6141 -9631 -9456 -4688 -3607 -5913 -5700 1929 7962 4577 4787 -9420 -46 -5718 9593 6688 5219 8909 -1787 3801 3127 -394 9663 7872 -4100 5576 7901 3247 970 4806 4952 7997 -2591 3889 8134 1213 -1326 9156 7001 8296 -3016 -5767 6884 -6407 1809 4050 -6639 -4231 -838 -8401 262 -5321 1064 -6428 -1270 -6538
 5559 -9524 3750 8746 6309 -9144 -9091 9254 7889 -2952 7050 1689 -7042 533 1586 1906 7499 5385 1919 3927 3127 -8120 -3796 -9313 1672 3669 -2762 -9704 378 7003 -798 -4033 8053 5778 7308 -8355 1062 1880 -3379 5865 -7324 -4031 -5011 4294 -1614 -2450 1736 -1813 9742 -5348 -428 -5288 3407 2846 821 -8944 -9823 7039 -9620 2459 -9346 -8619 7949 -9994
 -9619 -7551 -5357 1239 7901 -4941 1465 1228 5782 -5852 -5018 -3335 5355 -4263 -6815 5428 -8366 -9921 6213 9822 9329 9620 8112 -7902 183 -645 -2262 -5059 4233 -4980 -809 8427 -6647 -7115 -2245 4452 2647 -3103 -5616 -1600 6169 8632 -7214 -6577 -7650 6178 -3283 -3958 -6688 1990 -7707 3680 -4047 -1728 4234 -5620 6591 -5976 8057 9274 -9923 -5598 6066 -5308
 -9417 -5663 -6 -8939 -1612 -7220 4705 8200 8770 -1560 -1798 3723 8114 -4682 -9 -6209 -1066 -4731 -7786 6615 -9982 -2374 2057 2587 -3865 6221 -4552 7675 -3976 -9964 5794 -4428 -9479 1260 4593 -5336 -8304 -6393 2735 7828 8737 4824 3649 5444 -2718 4799 -9146 5014 3344 5991 -6506 9075 -2969 5155 2558 -3149 -9650 1785 -5735 -9932 -6558 4942 9793 1716
 -4915 8134 7062 3701 -7667 -7685 8709 -2253 565 -6336 -830 8387 -6116 4715 -8791 7716 175 5262 755 -4645 -4278 -9713 -9843 -9022 -5294 9546 -5700 7156 6320 -5145 4982 -3441 -211 -2996 -9671 -428 7778 -3800 6998 9661 -8773 -689 -872 7615 -3015 8866 1543 4957 -1400 -4436 -3399 3798 -4470 -8984 6510 4469 -8734 -3148 5999 -9749 -9426 -29 333 -1435
 2181 4030 5967 51 6480 5240 -3872 8287 9130 1344 -9605 -364 -4864 4042 -2125 -8358 1330 -4720 -8977 -5128 6056 3999 -9894 502 -8981 758 -1681 4025 5510 3222 -4535 7106 -2870 5583 1334 -122 -5527 5151 -3144 -6804 6253 2348 -3708 -5870 -9722 6127 4515 -465 7395 -2827 -9369 8648 2599 9635 9440 3670 -5347 -2324 -4533 -4714 9770 -1798 8277 -3241
 -438 9829 8278 9602 -1056 2003 9371 709 -3233 -6559 -1909 -9652 -3707 6993 8622 4114 -2555 -9414 -974 6917 -6170 -8084 -5694 -5596 -6043 4481 -2615 8892 -71 -9604 4573 -6828 -9266 352 2459 7253 3357 268 7791 6673 9848 -5539 -2280 -1172 -4697 -5291 5176 -5945 -8370 2825 -732 -6226 -5065 1657 147 -6852 -3761 9103 -8412 6693 -2692 -6545 4904 -1773
 6784 8920 -4854 -4348 -3585 -1748 -9967 5117 7969 -5841 4585 -4539 8479 -5815 -7974 -7948 -8460 3701 -5083 -1271 7912 2340 4417 1367 -6129 -2371 -8891 6720 -9617 5977 -5111 -900 209 -6875 -3229 568 4035 -4666 3872 8550 6759 6452 7952 -3502 -8231 2710 4386 9092 -9731 -4533 9714 -6143 6773 3295 -8445 3103 -4334 527 -5618 3680 -9750 8653 -6541 8075
 -368 -3384 -2857 -1950 -2264 -967 328 -5665 -8687 -8605 -4418 -5285 -9539 8485 2547 9080 4985 1790 8903 -2416 3654 -9820 -2077 -8900 -8894 2291 -9884 -5246 6191 6889 2333 3478 -1439 -8583 2441 -695 4538 9509 -7504 4391 -5477 -2522 -5600 -3879 172 4084 -5608 3103 6790 -4810 4444 -1716 -9390 4856 -7428 5516 -3825 -533 -9584 -5934 8125 -7377 1202 6052
 2973 -3428 -3409 -4188 -1277 4769 9052 3644 -6876 4086 -1314 -3179 3487 -6589 -6661 4255 5421 -3546 9040 -702 3873 -9790 -919 7098 5152 -9104 4887 2539 7766 -2 -4676 -7698 5857 -2164 4259 -772 1522 -3109 -5691 2897 -3469 -6877 9419 2686 6201 -3851 -1003 -8431 8153 -6251 -5697 4919 9442 4563 -9743 8686 8158 6130 5424 7463 2905 -2026 5260 -2006
 -9783 9691 2072 -7579 -9868 -6342 673 5529 439 -139 2396 -9385 4183 -5196 -3067 -6730 2066 -8144 2563 -8957 -6981 2570 5391 1951 2641 -844 3901 9175 -2836 3880 -6321 1598 -9125 -2315 -2832 6034 -7755 2142 2281 -818 2128 -6553 5500 -7948 5438 4541 -3288 -4426 3322 7697 -397 -6122 -752 4858 8325 -2663 -1742 -4634 -3035 -4710 5973 -2886 -80 7748
 591 -809 6908 -8160 -2874 -9768 5146 -901 9676 -686 4769 6568 731 -4769 -7029 -5743 1754 -7209 2163 3619 9580 -743 9540 2437 9536 4011 -8824 -4415 2528 6181 -133 -3373 -9174 2980 -2077 -8273 -8964 444 6951 2800 -3066 6935 3592 -3440 3398 -8301 -3552 6171 -3457 2914 2304 8552 4602 196 1312 3399 -3222 -3022 8996 -3546 2859 -1012 7568 8852
 -7353 -8177 -4494 7033 6203 9964 5561 1221 -4087 -2366 1908 -5600 -8518 -6771 -578 -5955 -7379 9457 5845 8713 -1490 1413 9042 -1860 1114 -101 277 -1318 -9995 -6384 -3310 -5846 -678 -8821 6984 7653 9982 9659 2394 -5131 5289 -6130 7277 -9961 6800 -6637 -6311 -176 -9597 8061 -806 -3014 -4925 -4110 -9779 2017 2931 -5089 -3125 5800 3834 5171 1076 4562
 -3227 -75 2008 -4306 3886 -8968 -5125 -2996 8186 -5400 6086 752 7039 3630 -8690 9401 4205 3309 3864 -2136 -3303 -6779 -3936 5861 3927 -1152 -2338 9107 6406 4253 8545 -9874 -4176 -2344 37 1227 1408 -2638 3639 466 4350 8600 -901 8798 824 8249 -7481 1806 8199 -8805 2987 -7204 -7920 -933 -7989 -7810 221 -4862 648 -6772 -5982 5247 9664 -5523
 3109 5936 -639 -5829 -7504 2849 -2735 -3521 -2688 129 7092 1316 -6117 5511 5266 2531 -5931 -9944 -3217 778 -6436 2668 -1477 6565 -9121 2582 -6933 6674 5098 -6961 -9608 7247 2813 917 931 -1965 -6499 -4201 6653 5230 7887 -4587 -4012 -5922 -5390 -5099 5502 5948 -9626 9289 -3616 5379 -4485 -7183 -2756 9540 8253 -3807 -6099 4520 90 -4573 -5099 -7028
 4680 6612 3551 1020 -4851 388 -7113 4081 -8369 -5517 4750 9835 2829 3270 542 -1845 -4773 -2950 2293 9736 -3388 -4962 -7645 4981 6540 -8475 2760 -3311 -631 1503 -3813 2407 -6703 -7527 1118 -8516 7278 9387 -4696 -9161 -3725 1916 7232 -485 6874 -8364 -2216 4205 1915 -5965 9940 7572 -973 390 8639 2109 6097 4838 2185 304 -7124 -9099 4127 -9467
 -2806 -3804 -3934 7681 7832 -5707 9880 -8509 -8170 -2700 -8145 1720 9060 -7866 -3655 4466 -9694 3872 9502 8221 4026 6868 2874 2084 -4682 8278 2034 5947 2208 -6272 4056 8572 -9562 -2743 -8902 -791 4971 -1445 -8856 -5112 -5354 -6262 2899 -6942 7405 1669 -933 -6060 -8089 6141 -5130 1226 9212 -3489 7581 1482 1619 9524 1217 4931 -6833 4196 5765 1625
 -655 1287 5014 4689 2999 6377 -8966 -3274 2808 -1063 9622 9124 -1482 9471 9153 5387 2991 -6597 8965 7303 -5480 1834 -4126 5768 -2197 -4913 -9633 -1052 7112 2620 9790 -9757 -4898 8623 4880 1341 4734 -6079 2949 3776 4021 3872 -2351 -9212 4760 9883 -3469 2445 724 -5967 9882 -3183 -9438 -4378 -9026 -8340 1172 -1273 7963 -8184 -1800 -1243 1715 4378
 -8933 7309 6406 -8268 -2518 7579 -6245 4672 4140 3031 1276 -4707 -9842 -1313 3486 -9404 -9473 5587 6124 4134 7327 5035 2519 -562 4850 -2359 9447 -4853 9857 -2846 9459 6343 6536 6057 -2004 8600 4596 5065 1176 3632 -5278 6040 6045 4130 -4286 1160 -9656 -7533 1114 2051 -1233 1320 5979 6465 -7299 3885 7616 -7540 -8207 -8334 1207 4574 8144 2537
 -4435 4368 -1096 3028 -2588 -704 -4442 4578 -985 -4106 6282 -621 2041 -440 9831 -6355 6349 -9865 -6056 3613 5820 -4719 1417 -2053 5643 460 -5796 6126 631 5521 -8300 -495 7637 8088 8729 3590 3704 -7575 6205 -7898 5567 5548 3311 -9399 5697 -6438 -479 -2151 -8351 6988 -441 2485 3235 -4448 2306 -3804 7313 953 7827 -9809 -6217 9897 -5088 4290
 -4733 5587 8144 5701 8142 -5792 -2867 -6040 -6119 -5204 7462 5335 -7885 -3153 -9374 -6982 -4935 5242 -3612 -333 5573 -2352 -8179 -2292 -5052 8662 -2305 5552 9408 -1797 7516 3354 2488 -685 565 -289 -1842 -6199 9194 2687 -9441 2388 1736 -7144 -6546 -5494 2302 -3006 8578 9588 -6570 1313 9993 -9678 5039 1324 -1172 1579 -4032 -9878 -6005 -6805 -8155 -9897
 7673 -1536 -9693 -6172 8664 -9847 -9970 1179 -1433 2092 8067 -7279 6394 -6909 -708 8136 6074 -8128 -1427 8553 1558 9182 -2005 4386 -7703 -5248 321 -897 -7226 -5912 -7180 7102 -1718 -3935 5347 -8446 8553 -281 -1544 9469 -8834 6591 6870 9927 -7149 -6589 -1714 6952 1933 -9312 4875 7244 5945 6172 -4777 -6333 1408 -7249 -9510 1436 -6251 -3342 -2516 -3656
 -5864 527 8912 -2 -6004 -968 -2610 5456 -3713 -8106 2760 -4249 3321 -6418 -170 4637 -5577 -8809 -9709 1253 -1472 -7950 3940 5092 944 5897 -7515 -7604 -5491 -617 -5938 -3093 1376 8809 -3072 -1781 3505 -5337 -1256 -7281 -4492 -2851 -3342 6445 -7923 6891 -798 1847 9811 -8678 7803 9571 -3962 8377 9063 -3388 -4963 -2187 -3217 -1858 6677 -4371 626 -890
 -9304 6614 674 -9210 -3401 -8210 1858 -2306 8012 -742 8903 -1169 -957 -7526 7030 6914 9573 -5391 1701 9833 -8187 9292 -3628 2595 8097 -4455 -3216 8063 7086 3707 -6579 2194 1964 6659 -5256 7225 3512 -9574 -6028 -2475 -2883 -8656 4155 4996 5903 2905 8481 7788 4256 -3254 -8572 -9617 6207 -3122 -4697 5096 -5680 8660 5974 -5162 -875 -7358 -8557 -7816
 -1898 -4862 -4079 -2130 -8837 6660 -2381 -5540 8013 7493 -6399 4453 1460 1500 2817 -3476 9659 -5715 9050 9554 -7663 -189 5783 126 -7907 5491 49 74 -128 -476 -8069 9646 1646 -3369 -7216 9585 1965 391 -3420 831 1448 4466 -8092 -4928 8206 887 -7755 4857 6420 9332 8828 7247 -1989 2056 -6530 -5022 -2598 -1518 4042 588 9535 6809 -6856 -5792
 -3606 3204 5815 8121 -2533 -5822 -9119 -2426 -956 5843 9312 2515 -621 7272 -741 7903 3066 1256 1598 733 4397 -3174 9369 9523 7650 6835 -1704 -7411 6131 -2633 2674 9284 9769 -4353 3093 -7475 3855 -7838 7648 2218 -4099 -3100 6729 8957 7871 975 5254 -439 5153 -6914 753 -768 -1077 -3775 9107 -9918 8311 -9424 -5957 -7771 -9670 1034 1597 1812
 1376 -5859 5406 -8616 5605 -6760 -1537 -5749 -5753 -720 -7168 4169 7690 -7852 9128 9874 637 -5057 2091 9723 2214 3463 -7354 -8013 336 8772 173 9541 -6820 1476 -7307 -7007 -8584 -6929 6795 -2986 4835 3990 -2895 -724 3633 8241 7190 -7742 2279 8915 4756 8415 9701 -3263 8659 8558 4666 4558 8595 -9398 -2146 -7912 -4863 1742 852 -4680 4238 7730
 -9155 -5254 7138 9930 -9087 -4339 8560 -224 1203 9355 3032 -165 -4654 86 -3044 3604 6824 -2633 6223 2040 -2237 -9067 -2179 -7840 -1291 9602 -6788 479 2056 -9675 1908 -3208 9248 -1880 2923 8478 -3959 -6252 -4681 -634 9004 -3385 -3554 -3877 558 -1359 8266 -370 -7556 6585 4955 1712 3031 -7356 -645 -191 4345 -1790 -1604 2943 -9730 9519 8680 7831
 4929 -1117 8797 7778 -1159 567 8260 -8837 -3983 7751 -7120 964 -1821 -1478 3832 3281 -213 6169 2032 -3805 8567 -9319 -1344 2124 2997 3554 2030 -4594 8124 7382 -366 -2261 -4800 2905 4053 1028 -7897 2903 7790 574 1479 -5388 -8504 4448 8467 -4819 6882 -2512 -3461 7779 -397 4838 -1386 1804 2191 7377 -9242 -3508 5913 -5280 -6186 -142 -1651 8510
 -6570 -4281 -1059 8947 -2734 235 3735 6822 5351 5064 9146 2766 7485 -3692 -5025 -3159 -1073 -8626 -2309 -3240 -9607 9940 102 -4404 -6076 -2163 535 -2822 1409 1269 -5626 -3248 4553 -26 -8727 -3347 4401 9638 -9383 8771 1631 9022 -5560 7505 -2830 -5117 -5504 3027 -7864 5200 6349 -7656 -5622 -1241 6320 1429 3336 3817 -4004 -3160 -5086 1657 7036 402
 -9152 -2029 9905 -2856 7733 -2671 -962 -1258 -7472 2472 -4472 -6577 3324 -3159 7974 8276 -9651 -1486 6497 -5653 1268 -4167 9310 3252 2813 -5269 3424 -8383 -258 -7231 4219 -9557 -4507 -9839 -831 -1499 4663 -6299 -4943 9334 2196 -1664 6655 -681 8979 5864 -7113 -650 9382 -1301 7878 1896 5643 3201 6586 -8760 8806 3035 -49 -4264 -9397 6110 5600 -3590
 9415 111 1240 6630 -7007 7804 6198 8992 -7902 3730 3541 -9660 -9252 -5309 6221 8913 -7071 -5449 -6410 112 -782 9056 3285 9324 1783 -1057 1532 4872 9558 3630 -5472 1527 -9783 3842 97 -9233 2166 4657 -9475 4111 -6040 8030 9735 1807 9567 -2785 -6356 -5002 4941 -175 1221 8779 4889 -2410 -6031 2775 7949 -1315 6208 -5958 4092 -884 595 3223
 2939 3610 -8572 1594 7213 -4605 8459 -751 5319 -4670 3254 -8701 -815 -3730 -7366 -1044 -7758 7899 1563 -3184 6900 8854 2524 -3873 -1846 5984 -5602 3673 -3400 -112 1862 7732 -7195 -1023 4734 -4503 9979 -4076 1896 4794 -2729 -3679 -2150 -5308 517 -6199 -78 -4486 -9479 -1212 -152 -469 271 1385 301 600 -2911 -5456 8750 709 8922 -3856 9926 1677
 9541 -7120 -2653 5033 8685 -9137 2835 7104 3478 -1499 -602 -925 -3038 2088 2318 -9578 7832 2100 -4199 -9592 -6094 6615 6609 4756 -1917 5722 8602 8939 -4505 -96 -5910 -3045 3395 7254 9339 -6917 2899 9634 -5111 -9044 -5752 7115 900 8451 -7282 5940 8685 -3814 7663 1993 7566 919 5390 -5160 924 -2533 -2247 -5628 249 -8608 -7646 -2131 3155 2766
 8223 4825 -1721 6465 -1006 -4955 -8678 -7034 724 8891 3076 437 -8015 2670 -5748 -4542 5738 1272 -1235 1396 1972 8396 -7669 6550 2653 -8737 -3367 -4849 -7285 -1331 -7487 8625 -2160 271 -9534 2402 4950 2163 9585 3410 -7284 -1624 9192 -7621 1473 -3709 -3903 5905 4830 -3296 -420 -3745 -4026 9007 2847 -9096 3458 4254 720 3402 -9690 2773 -9458 5921
 5718 -7410 -3363 2587 -4543 -3822 -9592 -5947 3788 -4577 114 -946 7482 763 -6447 -7427 4524 2545 4400 -8305 -8726 -7309 6339 -1621 1657 -8945 7401 4667 8723 -9701 1253 -6758 -4293 931 8564 4572 -5504 -2639 9331 -916 4084 -1428 8032 1424 5613 -9120 -2616 -8800 8374 -9809 -732 -6942 637 -7682 5833 2916 -8321 -4972 4993 -4816 -3182 2008 -5168 -3992
 3933 -2451 -531 -6566 -500 -749 2910 5505 -8035 -667 -3769 -4632 -5005 8723 -5878 -2361 6986 -4148 213 -3025 448 6462 -507 -4271 1972 -8577 -9034 134 1718 -51 -3588 3975 3113 2753 -2751 6130 -7490 7649 6871 8168 266 7784 -4377 -1347 -1664 2015 -1726 -659 -8972 8347 -1440 -9961 -4926 -8171 -5435 -5345 9998 7174 9138 5593 -1656 -4345 -1564 4908
 7492 5371 1976 -6278 3232 -7352 3991 -2813 -9344 3381 8272 -5983 2084 -9715 1934 -9564 2663 -1682 3286 3616 634 -7685 8770 -2499 4260 9639 7114 -2216 -2104 8787 5943 -7040 -7005 -4217 -8967 8665 -6014 1866 -2616 -3322 -8741 9813 -2702 -5719 -6887 -3420 639 7485 -8322 7393 5878 -8823 4803 3602 -6100 -6997 -8310 3977 -5538 9079 1437 -4662 2064 6151
 7917 7920 333 2129 2427 -6228 7117 -282 -640 -3764 8170 -1351 3475 -3849 -1949 -2727 -2404 6346 -9588 -3868 65 -245 -7648 -5132 -7214 -4268 -4793 7117 8312 7048 587 -3707 2268 -710 9386 -6161 -4508 -8644 4980 -4981 3788 4353 -4571 -3329 4701 6773 4107 9699 -8200 6046 -5183 -2049 3178 -7391 -4507 1010 5072 -9116 759 -7410 -7222 -2688 -4098 -3967
 1988 -4824 5515 535 -7321 -9232 -5381 8447 4299 9059 -4200 3448 9886 7387 -6932 -7699 2599 -8711 -1000 5369 6030 5543 6611 -8076 -991 2061 9663 6108 -5444 6120 9178 1357 4682 -8197 -681 -2392 -1813 -2838 1743 -9677 -3499 -6056 -1595 4457 -7428 2715 6246 4642 -6598 9323 -4579 -7937 -4968 -4601 -9646 7398 -3663 -4244 4544 -2403 712 -8730 -7403 -4788
 6123 2559 9297 -7516 93 2200 -7364 5773 494 -6449 5899 9072 2418 8042 -585 7610 -3584 1809 590 3721 -7311 -4668 6197 3139 -7603 -4800 -7844 9204 -4825 -5985 3674 -7313 -7007 -792 -5066 2678 5933 3521 8329 -2424 -9414 -4238 -979 54 -5181 8057 -3168 -8281 1932 -8534 239 -9731 7855 -7889 1103 9813 1761 -3439 4638 -9747 -1110 -5924 3513 6083
 -6614 1097 4502 9164 -9072 7139 7290 -2492 -8788 3153 -5658 3334 -2807 564 8037 4633 -5349 8718 6898 4841 -938 -5407 4760 -1730 -4965 -4666 9118 -4706 -1136 8929 -5547 -3004 -5765 -6179 -6090 8011 421 1109 5531 -193 2550 -7136 4437 -8789 -297 -9430 -3896 2145 -2350 1098 -2383 -4003 -7756 -5017 4392 -3826 3331 8428 -5298 2057 110 9661 120 -7389
 -2373 6503 6273 3217 1680 7276 1143 -2618 9184 -3130 -1174 -9652 -5317 -6717 1700 9787 -9073 -3252 4832 9577 6316 9162 3164 -2822 -5118 4499 7066 -2403 -1133 7530 -3411 -5211 -1064 3602 -1729 -1261 925 6061 2308 4692 1295 -3118 4401 7313 -1649 -7398 2755 5485 1507 -8771 562 2609 -2796 4220 5983 5301 5369 -6148 -5101 1277 -4465 -3578 4934 5466
 4866 -8062 5798 -1029 -5895 -3746 3062 1635 -4991 -7593 -2425 -3276 -3324 9114 3013 -9960 -2291 3142 473 9287 -8731 -5493 3493 9388 -1127 -689 -2319 6564 -9629 491 4069 -373 -1388 387 -9681 2449 2448 6612 193 -9945 5329 -2360 -3357 -1128 6803 5411 2383 9971 7146 5216 -1403 -6700 264 1285 -5111 3869 2266 -8900 965 4911 4928 -5604 -3390 -9427
 696 -6348 -7500 -5433 -3294 -172 8099 6106 -9534 -5798 6298 9400 -9842 5612 -9820 -1909 -4778 -7857 -3292 -3739 8269 4984 3933 8379 4381 4187 6484 -9683 7934 8714 -5564 8029 -6402 -937 705 -7814 7648 8838 4120 -5441 3471 -5828 6739 7040 -2115 5121 9165 1629 6424 3110 8264 -3757 2774 3045 7980 6155 -2258 -3816 8461 -6831 5402 7479 -3855 -4759
 314 -5552 -3898 -9780 7764 -4943 1872 -7044 454 -7142 7557 -9912 -2686 -3163 -3815 9705 -8689 576 -9155 -776 -8673 9664 -581 907 2339 9338 210 -96 -9434 -3275 3277 -2511 -4766 5430 -3032 -1676 -5352 7815 -9128 4272 -6803 -4467 2479 -3114 3902 6394 -1647 1889 7143 -7018 -4618 6298 -6438 148 -6037 -2057 -1590 -5643 -5576 5843 1440 115 1072 -8694
-294 -2616 -1106 -8012 -3252 -156 -7425 9434 2011 -5269 -4352 -2012 7297 -3037 -1406 -3152 -2768 7064 -1641 2940 -2487 7122 1897 -7445 -433 2602 -7745 7688 7246 9551 1201 5961 2458 4173 -1109 -9506 7349 4998 -2422 -8205 -2225 -7826 -3054 -9072 -875 -860 -9695 2027 4441 -1267 3821 -3102 7200 3867 -5971 -4795 -190 -3790 8395 -1684 -7728 -2488 8507 7003
 649 -3542 -1370 4238 -416 -8741 -5770 3483 4394 -2614 -9206 -1032 -6742 3110 1524 -5949 -458 9796 -5132 5636 -8469 -7659 5042 -1835 4621 5252 8943 6923 1502 -9847 -8517 -7240 -4605 -9141 -694 -8754 -9263 -7920 -2144 -1656 6289 6072 1099 -5039 4300 -1335 2252 -6917 7537 6512 -1601 -1150 9535 -4703 262 6870 2675 4444 -9806 2388 1015 -6434 -3596 2077
 -5969 5332 -4745 3523 -1418 -6634 1619 -5681 -8778 -9451 -2356 7048 8915 7597 5387 -8711 7848 9948 -8887 4425 -3164 -9093 -4046 6830 1591 -8457 -9252 -8787 760 2421 7890 8443 2895 5638 -5178 -6309 -1624 9930 -3242 469 431 4487 7453 -5289 -6367 7476 2833 4876 9036 -9945 7146 7165 1434 -3339 -5467 5700 7282 -1791 3976 -8340 -9591 2445 2947 9246
 341 6346 -7035 -8766 -3311 990 -5314 -4531 6561 -2993 -5580 -5676 -4607 329 9125 -7881 -7086 1491 -1352 5995 8217 -5291 -2322 1319 -9705 5756 1617 -5450 -6470 -5371 -3311 -654 2155 -2535 -3819 -1804 -4272 -3538 -9474 -6536 -489 7667 -7981 108 -1181 3180 -4154 -9518 3423 -4309 -233 -8774 661 -2294 5235 -9848 5409 1480 -5618 -8964 -6807 3179 3989 4228
 -3454 -3442 1839 8778 -9805 6598 7104 4036 931 -6971 3414 -2936 -2984 3079 7892 5468 -2154 -9166 1215 -9120 7338 2991 -9641 3928 -1085 7253 -217 6616 -9324 -2939 4197 9973 -5519 -4431 -401 -7891 2710 -4468 89 -289 4722 -4687 -456 2754 7941 -7249 6579 6150 -7882 2382 5237 5845 -3719 -4581 4383 3939 3085 7774 3523 3673 -5635 13 -9346 -2611
 7846 9009 -5659 6173 3390 -3502 -9465 -12 8241 2995 1810 9358 7659 -198 -805 215 -2477 -4982 -768 9446 -1751 -2534 5899 -2096 7082 -313 -6584 2379 815 4148 9237 9610 -6399 -4546 -4218 -3153 7399 -8835 7138 -8835 -6982 5978 6328 4508 8197 -5136 -652 4178 -7258 -7358 -1443 6858 4801 -9478 8327 -3595 -3424 5577 -7271 -9085 -887 7760 -1372 -9124
 2126 -9605 8647 -2613 -4704 9830 9442 475 -7670 -2032 1981 -6420 7400 5558 391 1384 6841 -5038 7973 2002 -4480 -9992 3979 796 5558 7576 1177 3513 6930 9292 7305 -8074 5457 6294 8897 2709 -8538 -2471 -986 4466 3758 -6079 -6036 -3042 1880 -5585 6864 -548 -8853 3785 -2849 -8293 9595 -4725 -8187 -503 5992 -501 -1591 -981 6729 -6138 6775 3249
 4178 9303 1491 -3010 711 -9702 -2823 3976 6875 5794 4232 -9347 4246 -7212 -597 4043 -8623 3763 -368 8915 5294 1157 -8959 -8406 2715 20 -4718 4407 2856 9664 7618 -2107 -1528 9008 -3511 6466 -7539 3452 -8874 -2178 1654 -8581 4175 122 5286 2308 4150 2439 2096 -548 6402 1794 -7103 -7264 -3622 2418 -1452 9295 -4032 1278 -9679 -5420 3218 -5779
 -612 -2908 4466 9413 -4336 -8762 -7220 -9907 4416 -7398 -3811 484 -6531 -8146 3174 -6204 -2433 -4016 -3526 1832 5489 -5897 6118 -470 4197 9473 -6895 3030 5846 -812 -111 -1205 2125 3807 3779 -2511 6944 -4092 6902 1130 6110 8925 5990 -9948 -7040 3152 -1135 7444 -3146 785 -4295 9391 -3183 -8310 -7662 -7360 8655 -7442 -5143 -7563 3445 1739 4682 -5598
 4550 -684 551 6698 2865 -8739 -2223 -3891 6069 7850 -788 -7964 -3100 -611 9823 574 7121 -5059 160 1295 -5797 -5612 -4397 -9611 -2403 6763 9148 -5528 253 -3195 -6768 -8810 361 -799 -2295 -9246 9296 4061 -4162 9470 -2533 -4663 -1147 3575 -7068 -5851 2219 6463 -1985 5925 -5040 -1616 6887 -7283 7216 -3686 -1305 -411 2640 -5130 -7442 7403 9070 3343
 -5453 -9225 -4562 7177 8423 -1799 8372 -6346 8742 -2123 -8666 3920 -8340 3385 9671 -968 -1215 -9912 6860 -2362 -1979 -207 5261 7740 4962 1197 902 -8656 -6289 1899 -2336 8611 -2598 -8242 663 -1395 258 -4651 1548 7559 -4153 -8015 745 370 -9916 7332 -8906 -9664 1938 -7057 -988 -4620 1263 8944 4521 5670 2404 -8900 7362 -1642 6184 6468 -4857 832
 3825 -1471 5469 3492 -1497 9101 3240 -1996 -670 -2059 6615 9851 9071 3941 8008 -6291 -1795 -9940 4262 -2912 405 -4830 522 -2068 6459 -9915 3529 -3966 -3607 -1456 2955 -8602 7848 -4391 -4031 7343 -7982 -9506 5013 -5682 -5386 -920 -8272 -4562 4797 -5177 880 2348 -1106 -4326 2949 9982 -4830 4128 -2036 -4085 -3523 -7034 2223 -2661 -3734 -8257 -3042 -4485
 -677 -1483 -441 3156 8291 9859 2758 -3652 7279 -6559 -9801 -907 3670 -9760 -7879 1659 -2003 -5436 1764 -8722 5493 633 6846 3319 2173 -8001 1215 5979 -9432 -7645 -4583 283 -7148 1462 1640 -3863 3942 -4485 1937 4202 5284 1266 3858 8821 -2799 -8404 8293 -772 1038 -9385 366 8081 -3530 5395 2674 3410 -4787 -2212 -117 2846 6104 -4256 -5445 -1150
 -3835 6906 1049 -4411 5479 6751 1257 2134 9366 -4003 4865 -375 3804 -4610 -6441 5431 -2988 -7332 -5973 3611 8901 -7693 -5298 3126 -2141 3436 7005 -1622 5012 -8658 5882 4937 8155 -905 9424 5637 -7495 -4832 -9089 -4368 -841 -9433 9136 7627 -8480 -8555 -9283 7172 981 4157 2692 4474 2148 -5607 1719 -8428 4626 7972 6507 -3698 -8778 -6998 1615 198
 -9076 -4495 9601 -4583 -9845 8750 8403 4258 -2689 6059 1228 -8809 1960 -2704 4995 -2999 -7868 -7839 6317 -9578 -5257 4222 8711 -5761 -5572 5494 4471 -9194 -3772 -7577 -6215 4381 -9516 933 -874 -2599 1754 -7431 -120 2253 -3264 -6150 -1075 -3467 -2155 5048 -5060 1605 7141 -8523 -3495 9890 -6956 -5282 4830 -419 -1493 -953 -5831 -2396 741 -1626 2123 -3833
 -3851 -7030 -7963 -7946 2657 8287 -9789 -6658 785 -6598 -8234 4814 -9127 4993 5361 -5476 9260 3735 621 2490 6324 -3322 -9615 -847 -8972 9187 515 4432 -5955 -3067 194 -747 4736 -9630 1667 8915 7972 7657 -3944 4639 -8889 9645 3400 505 6829 -250 2933 -7517 8766 645 -1866 -6313 -9559 -3755 5850 -2642 9968 2083 5749 7127 -2289 6541 -4623 896
 936 -8001 4102 -2246 7211 1331 -3821 9787 9113 1716 -7268 -4320 -8358 -5242 -4086 -2149 7938 -9498 3599 8960 6987 5949 -4140 -1325 -3911 7355 8257 3878 7557 -6848 7303 -7950 -3002 -7475 2119 3829 8383 -2686 1158 8331 1496 -1520 5557 -3929 1510 -702 -4032 -7840 -7366 5774 2135 1686 7263 1365 -6769 2539 2552 -2763 -8284 9452 3700 -4846 2296 -2453
 -2692 -6319 8325 5351 5116 3678 7716 1369 -7807 -2095 5231 -587 -9635 8007 5361 -2559 1328 -3955 7814 7488 -132 2855 -5878 -1873 8302 3170 -4318 -6334 -1410 -825 -502 -2558 7036 2589 7768 4060 6356 4934 -6528 -2596 -2699 -3120 8434 3564 -182 8980 7302 2523 370 -6202 5442 -3803 -5440 -7373 5206 9026 6488 -3100 9366 -2958 1597 -4762 6459 -6030
 5052 1193 4842 7226 -6115 -2427 1411 -2649 8924 -7245 9325 -2645 -2618 2774 -5270 -2971 -377 -3201 1049 -3213 -6778 7013 70 -6854 4674 -5051 -8444 -7416 -9578 6658 -7010 2209 8307 6202 -7177 -3660 9850 211 7185 9825 -7076 5562 6044 -2324 3227 112 -1938 -1383 -2595 -8275 2927 1132 -2020 6835 905 8760 -5372 -1711 7178 -6878 1333 -1025 -579 2400
 2182 -3400 -1876 8276 -2318 8433 -3701 -8315 -91 -4989 -7856 2834 -2211 7106 -2161 -903 5006 -4980 -9840 -4308 5592 2718 -8420 2998 2813 -6353 -5437 -7596 -8159 5848 -9835 3609 -4666 9826 8447 7972 9686 6367 -7896 8187 -2470 1567 2136 2164 -9124 -6336 3637 -6525 -2236 -3573 -5569 -4075 3403 8899 2057 1842 -3346 -5464 -6126 -7147 5536 -7574 8928 1644
 2064 8041 731 -7955 -3156 9316 -1112 -691 7864 2609 -8251 -5968 -1192 6552 -3182 -2082 3630 -2569 9157 431 5798 -3686 -1231 1871 -335 3758 -7970 -3479 2987 -7789 3583 4824 -4439 6992 9588 -9683 2926 -6127 1857 697 -7295 9723 -7131 4130 -5493 -5888 4482 8915 -3195 -8642 -49 -1590 7057 5859 -6488 -8519 -8720 -4170 -687 -9308 4167 -1451 -3222 6306
 -1000 -2776 3508 5307 -5912 1964 1761 4135 826 -445 -6554 4824 6324 -1111 174 4071 9242 -6468 2120 7138 7128 -1406 6436 4905 7441 -3995 -4043 -328 -6597 4255 -1075 -3608 1189 -6582 -6697 6622 8906 9936 -2683 8503 5257 1586 6447 8693 -9052 140 -357 2005 -3365 8272 -3018 5139 -7787 -9019 1718 -3610 -7813 5681 -2694 7116 -5515 5279 -8687 4026
 3681 -4791 -2318 -2235 -6198 -2814 -9011 -9961 -6304 8560 -3569 -9037 3241 6745 -1493 3227 -4554 8191 -5660 -4403 -5583 2389 -5937 8877 -713 6628 -7964 4586 -3810 -3433 -1460 3240 -595 -3474 -7038 -5312 4616 5336 6438 -1238 -991 -8547 -2487 2030 -4352 -2625 -1234 -3325 4680 -9685 1793 9845 -1328 -4304 -8575 7437 -6973 5044 5343 6750 9249 5811 -6411 -5757
 2927 4334 7565 735 8175 2751 1255 -133 -3428 -7058 7758 7771 -2532 9800 -3036 5794 -1136 4608 -6954 -8996 -3393 -2220 3348 1014 -8149 -1628 3783 9797 -2411 305 6864 -4318 -4273 -8371 -7559 3992 4659 8580 -5509 -2535 7840 1482 9401 -2462 -5867 -2385 -3012 -9622 -5779 8142 1148 -8392 -5443 -6959 -3243 1613 -6452 -4111 -1168 -2589 9322 -5750 -3589 1029
 1757 -8687 2719 3770 2846 -6882 3911 -2849 -8794 -6585 -4745 173 347 5102 4839 -2731 -7225 -2839 -3534 4517 7918 -7862 7371 3116 719 1759 7164 2335 -2281 -2798 9727 -2173 1494 -8468 -7916 8579 9589 87 -6279 -6212 369 -7785 1060 -4094 5781 -2493 1541 4890 1739 -6053 -1493 3726 7171 -8576 -707 8106 -7556 -5142 1763 8112 2641 -8394 -5542 -9715
 8600 4403 -5419 -6652 -6045 1039 9333 -1988 9803 5770 -5030 4656 -2597 -852 -2035 -6269 9080 -1333 2163 -9143 8127 2554 3107 -2693 -8607 -8217 -6803 9020 -209 -2911 6765 777 78 4965 -5037 7336 -8963 -8117 -1898 5862 -1920 -7999 -5640 1931 -4766 -5800 -932 5276 -2699 5021 6351 -3926 7208 8776 -9468 4735 2830 -1485 5353 -5433 -5579 5625 9256 4625
 -113 -7326 781 3278 1048 1494 -3940 -3812 -6380 6395 -5301 3472 -701 -7799 8090 -3068 1913 -9520 8878 -4352 1718 -2977 2277 2225 -6768 2294 -110 7972 -695 7904 -8320 -5465 -8221 -2396 -4710 1466 610 -7680 -410 9048 9143 -116 -5939 4815 5652 7120 7350 2680 3559 -2240 -3030 -5513 9736 -2702 6563 -6806 -5362 787 -728 6982 7373 -1725 -5188 -9473
 4133 -1754 4237 5369 -4344 798 7641 -5677 -4860 -7586 -8735 4025 812 -1572 1530 4833 1541 2867 7112 -6004 8977 -7078 -4734 -595 -7311 8497 -7361 8787 -1132 -3302 -9531 7961 1874 -9617 2241 -492 9036 2354 1264 -8239 -9618 -4250 -5545 -6832 -4477 5610 -5808 4214 6122 836 3377 5901 -186 601 -7241 9615 -1623 8199 -5678 4259 3246 4194 3683 6788
 8417 -1816 6873 4380 5108 7677 7611 8084 -5119 4806 3825 -763 9495 7256 9747 -1931 -518 -8738 -6057 3473 -3825 7405 -1207 -1514 -5412 -4529 -6646 9262 4364 -1737 5320 3378 74 -1620 7044 -9500 -4243 -9902 3566 3350 6886 7201 7093 3766 -5423 4675 8225 962 4315 1926 1255 908 -9069 4385 2474 3958 -204 529 7257 -1155 -8524 -4606 3000 -5939
 -4352 7905 -5478 -5016 277 -1849 2219 3106 -1852 -1866 -2415 1842 9913 7234 2951 -7624 5367 -207 2180 659 1325 -7509 7169 4961 -6569 -4303 7919 7348 -2729 6666 2814 -4414 -848 -743 4634 2232 7295 -6182 -7248 -3976 9592 -9388 8996 6638 -4901 3422 1852 3857 9054 2295 -1825 -9862 3727 4438 577 7006 7946 6547 8692 -4538 -4085 -5493 -3589 6998
 7660 -8663 -4169 -9125 9116 3116 3378 -6716 1342 8850 -7986 7753 1153 -3242 5695 -2809 -230 -833 9255 7185 -9871 5304 -3384 7348 -8525 -8534 2175 -5173 5437 -654 8700 5525 -5288 3023 -2154 -8309 -404 -3054 -3808 -6161 7624 -8069 -4937 -3840 501 -1230 8005 8580 -8310 -1764 -474 -5496 7689 3112 -1429 8017 1939 456 -8080 1339 423 4882 -9961 6456
 -3887 9047 -732 2772 -1146 -2521 8835 5853 8223 2812 9956 1311 3039 9293 -4329 -6775 -4742 3838 9436 5158 2064 145 3264 1685 -9350 -9016 981 175 8494 8335 -8970 4043 4234 -7114 -5497 -2575 363 617 2789 -3651 5036 -1818 3431 4181 2425 -2404 3467 8776 2000 389 -8176 2939 -904 8804 4202 -7915 4974 -1796 1087 9489 4224 4802 9557 -1886
 -8286 -8767 1382 -6438 -7103 9340 7714 2170 -8550 -7490 8403 6156 -8540 9817 2779 -3442 6483 -7698 -197 -3915 6621 -5640 -4297 -8885 2603 -694 5276 3421 5277 3852 3846 -5349 7532 9650 -9415 -8279 9819 1252 -1786 3510 8186 -6781 -3594 8609 8914 5515 -8340 1244 8379 1866 7103 -4611 793 1377 -7642 -9660 -3070 -8085 -9557 4239 5263 -436 1916 -482
 4531 6551 -3884 -5579 -2228 -5765 -2719 5954 -907 7826 7179 1938 6926 3788 441 -1206 4691 3700 -3488 -537 8099 8815 -2798 3696 9281 -8094 4395 -8493 2442 -5280 -2305 9739 -1022 408 -5690 -5680 2893 7185 -6399 -405 2951 -1684 -4859 -1132 3445 -4379 -3420 -8477 -2790 -8334 -2905 6671 1449 -2991 4039 5355 -9789 -6174 -3480 4965 4538 7945 6197 2679
 6190 8360 913 5511 4145 -3716 4741 -4831 2626 5253 8273 1654 1406 -987 7316 9836 -8986 6114 6642 3130 -7575 -1282 7213 -5672 8941 -7223 4429 9720 -9544 -7286 416 -9316 8373 6277 -6774 9675 6076 3508 1892 5270 8148 59 2879 -5749 8821 9676 -8443 -7503 2064 -1667 -282 -292 8770 -7990 -6289 5432 8165 -2977 250 -862 2982 -189 -2650 2465
 5207 3017 5530 -7848 6156 -1368 -9573 6564 -2010 -3794 -187 -6475 -2215 -7820 -5123 -76 -5980 6514 -8748 -78 -9664 -6429 -2262 -7929 7737 -5957 -5406 -949 -6454 7966 -4694 -1629 -9032 -6937 -3153 5540 950 -3120 -6276 -9264 6462 9725 1349 -9501 -2637 4911 6193 9939 -6680 7360 7452 5932 2558 2186 1851 7273 -1727 4604 -2834 -3416 3968 -26 8041 3984
 -3663 8676 500 219 7238 400 -9914 -117 2781 -1393 5645 -1595 6752 -7975 7319 -69 7308 -7413 4840 2699 271 -3394 -5518 8552 -985 7833 -569 -7534 7258 1317 -9736 5105 -9848 4310 -786 950 4303 -9893 -8696 -316 1770 -4030 -6836 -5122 -3898 -9791 4711 4524 -2273 2367 6263 -1491 701 8326 -3767 7505 4073 269 -5771 4619 6834 2046 -8524 7497
 -4412 -6920 2738 -9912 1439 50 2012 -1500 -6636 -4455 -7337 2848 -1324 5380 -7181 -1355 -5469 7040 6094 3299 -8063 7105 -5268 -6463 4480 8952 -2887 -3645 -1988 -5786 -5468 955 -4465 172 -1616 -6957 -3865 832 6602 5815 8289 -2031 -7701 -32 -2618 -2157 2364 -6951 -5894 3879 8403 9179 -8158 -5620 -3938 9327 -5177 9178 -6926 6440 -9697 316 7257 4804
 4219 6199 4499 7917 6651 -5306 5077 6265 -5802 -9510 -9704 -4981 -1120 -4260 8642 7759 6085 -1897 3824 -9138 -2536 -9250 6123 9831 -8664 -9074 861 -1306 6440 -7834 3780 -8265 3077 -2815 7904 6762 9095 1054 5922 -3102 9581 4696 3768 -9851 6643 7260 200 -5225 1032 -7181 313 7689 4304 -2738 -9945 7035 -13 -5953 4627 -1960 9589 5471 1569 -5582
 6760 -6654 -5489 5737 8291 457 6609 -7518 7080 3883 9476 -9789 -8238 -6142 6539 -9317 -1645 -7928 -1605 6756 1717 -3236 -1368 -1773 -8114 -6810 -4622 -4742 -4821 2005 6181 1100 -2467 5102 1903 9349 -6795 3000 3119 1404 -9814 7899 -862 -9145 8465 -8486 4483 4755 -3903 -9991 1003 -1892 -2185 1476 -25 -5293 -7857 -1826 3638 -1047 4870 4151 -3657 2406
 7223 961 1479 8571 -6208 6374 -9718 -5116 1975 -6172 6219 -712 389 16 6346 -6091 7045 5579 -7931 -1553 -1184 -1873 3699 -1421 -9280 -1620 -1245 -3338 4682 -1491 1651 -1643 -7094 2 3977 6285 2781 -3878 -2759 8543 -5181 -4419 885 5264 6584 8575 1796 1566 5306 7131 9309 6142 -2934 9937 -3521 -3133 -8102 -269 6226 -8038 -2085 -5458 4691 -4149
 -9214 -863 521 9770 9102 9460 -9471 -3485 -615 3536 308 4881 -4243 4077 -5400 -4269 1335 3814 -3564 -3417 -4590 8347 3648 222 -6983 2536 -3007 8830 -9464 1327 4160 963 1882 9993 626 1888 790 749 91 -4357 282 -205 8540 4643 4231 5770 756 4354 3176 2533 -9067 6628 9361 8540 -8866 5087 7927 3754 -5706 -5658 -5119 -2231 -9457 -245
 -1078 -2562 2544 8267 5062 -7933 -1285 4049 -981 6498 2028 7351 444 6913 8199 -5217 8745 -3682 -7950 1895 -9709 -6481 -7643 -5416 5948 2686 -905 767 9308 7317 -8951 -4123 5657 8189 4587 -3047 -1102 5907 1839 -1116 -3733 6581 9875 -4882 8605 7588 -3032 -7762 4468 -9299 -5069 2090 8167 9738 6326 -9497 -4386 -3040 -7267 -3222 3565 943 -4860 -4348
 5834 -7491 -2108 9823 5118 2405 -9708 39 -3711 -6721 -9455 368 7474 8805 501 -3275 7322 9899 -9762 -9372 5426 9578 7721 -6423 2192 7662 5897 -7236 -4824 -574 1487 -1174 3325 2167 2714 5684 8718 7144 9882 6425 -7328 1432 -664 -4650 -4011 -3366 9902 -3030 -1503 5074 6374 8753 6569 2503 -3801 -2963 -8525 4613 -51 4945 5751 5769 -4969 9463
 7005 -7345 5649 -1974 4188 -3789 -6293 -9630 26 842 -4739 -5770 -2413 6519 7133 -3565 2092 -9950 -3316 -8637 -3508 -3887 -1193 -968 -8453 1326 9782 1418 8679 -6833 8679 751 6908 1584 -3811 1886 -5620 9091 2928 4421 8978 8729 -882 822 -4925 -1732 8578 -3351 2388 5488 5035 -2535 169 8698 2726 7044 1750 -1371 -9915 9198 5751 -4526 -9029 9263
 -8736 4010 -3277 -8941 3905 -6188 3039 -8680 5089 -8119 9486 5628 4481 -2405 -2580 6729 -631 -5047 2849 9339 3238 8972 1390 6412 3369 4044 -1265 1551 2690 -2636 2079 1409 4497 816 -3935 5889 -9274 9138 -370 -8441 2305 -3307 -2342 3958 6651 7018 3691 2995 -9846 9615 3489 -2234 7471 -8986 4658 -7363 8695 3757 -1909 -9467 -5076 8347 -844 -4946
 -8242 -5458 -3689 3305 3376 924 -8091 1867 -5743 -6136 -3971 -2226 -1296 -3698 -1921 -8694 -3263 -1580 3358 -2620 -272 3888 -3846 -1558 -4991 -3216 -5774 3123 -1494 2977 -5944 147 -7050 2442 4926 -3272 6916 -4737 -9248 -2595 -4316 -6938 -2044 5140 -1557 -5109 7157 -4749 1596 108 -659 2702 5557 -6305 -8321 6741 5398 -9298 705 9128 -2821 -6632 -4002 -4749
 -2785 5023 1447 9038 -5625 4391 -2434 1236 9707 -1380 3279 -5515 -3877 -9904 -9907 9009 731 -7096 -7927 5104 -9601 8675 -2561 -6661 6587 679 1540 -979 6768 -9450 3110 -8372 3127 -4917 4240 -7644 -6398 1531 -512 4039 3130 -1414 7348 -9165 -4388 -5662 -6365 -444 -1221 9509 8979 -7547 -1775 1331 -7771 2275 -2191 -4115 -3093 6903 1505 -2754 5025 3244
 -6661 -8363 7457 -4391 8899 -1610 3310 44 -9280 5091 8820 -8363 -1136 -8349 -5921 -955 7 -3503 7058 8336 7289 1580 -1893 670 8198 5180 -5051 -9852 -5991 8139 -2132 -5142 -9328 9923 -4251 -6600 -1641 2720 -66 -5405 4417 9771 -1276 6841 3873 -7176 1578 7961 -2093 -9312 6458 594 3306 1722 9534 -4464 -4352 9218 -4271 -2164 -7107 2858 -8577 4916
 -3308 -6328 -8935 -3833 -1472 -4672 -1881 -1886 7253 136 9775 -5354 -4603 -1681 4565 -2319 -6203 5111 -3365 3707 8806 7832 9886 4285 8274 9786 -9581 4270 6665 -4780 2829 -9957 3880 9438 -6923 3848 8127 105 -6420 6878 -3983 -7459 1779 -2135 -2275 5804 -5885 -5296 2865 -5804 4794 9942 5777 4671 7572 -45 -8411 -9456 3597 -856 8427 -1849 3073 -6886
 1268 7984 9409 -7883 -879 -6317 186 -2559 5557 -3653 6785 8294 -1178 93 -741 4875 3669 -8975 -7426 2556 4340 -8347 -3693 -1542 -2888 2202 8523 30 -7735 -5364 -9369 7071 1046 5116 -9592 -7485 -3097 -3988 2425 -2567 -6358 -5254 -3191 -8255 1055 5343 4011 9246 3910 1769 9986 -275 -2074 584 -3581 8028 -4638 2978 -3019 6014 -3621 -6287 7966 -906
 3336 9479 -2773 9856 7020 -72 -4571 563 -1530 9470 1922 -1072 4197 -7275 4533 1545 -9699 -8546 4241 4827 7391 -4459 716 -2082 -9788 -7952 4594 -1118 -6592 8583 -709 -1637 9551 -3083 4440 2016 8994 6205 -3612 -9253 -2318 -3770 9933 -4633 -9481 -383 9292 -996 7798 -2422 -2729 -488 -2732 -9944 -4113 301 1031 -8347 -2409 6918 5315 8540 -294 588
 2907 -2414 -1216 -8488 -9042 6793 1002 -1792 5900 -9632 -4832 -9105 283 7913 -1293 4527 -1064 -560 9372 -3751 1577 9857 -9553 -7021 2694 4843 -7022 -7547 -3954 -2127 -8215 -520 3306 9116 3051 8171 -4107 -8361 -8332 4901 -4526 1453 5457 -3790 -7951 3723 4151 1938 -8849 -4275 4504 -3712 143 5934 8979 6900 2549 -7744 3462 3639 6427 -4508 -8062 -5665
 64 9272 7846 -5672 -3587 9964 5984 9465 7578 -4119 -4 -5318 5681 5811 -710 6473 7501 -2742 5592 -4853 4936 -9090 9367 8509 -5198 -5073 6357 -3345 2515 -5845 503 -8115 -9028 -7867 8882 7332 -9987 7819 5003 -4025 6336 -7719 -976 8508 6727 -5779 -8470 9433 -9049 9517 9911 8999 -6986 -8912 -7717 9341 1811 -9251 -5681 -9694 3910 -1731 1431 -1526
 -2106 7408 -1869 9652 -5154 2765 -3301 -1534 6938 1545 -2768 9239 6477 -4918 7021 -2825 1240 -2057 -8283 4302 -7398 4308 4686 -1214 -6384 1454 -7698 -3575 -7100 3328 -3322 -7558 -535 9503 -6257 -3192 2321 7271 -2467 7408 4628 2442 9711 7058 -7053 3379 -4956 6132 -8784 8966 4018 -3314 -966 -5882 9768 -9276 -5789 9920 -717 -9859 4873 8910 -3820 -158
 5689 1159 9327 8547 -5555 -4820 -906 2766 -3820 -8503 -3108 6983 -8643 8648 9654 3565 2723 -5488 -7701 -8868 6528 2086 -7590 7813 -3961 4504 2167 8060 3351 -7590 5409 -5145 -8930 6833 9643 9056 3630 7348 1614 9765 3977 -5674 579 2467 -5021 1385 9990 9489 -43 1723 -3414 -2271 -9516 -2114 7562 3648 -6674 4903 8223 2453 5104 7903 -9190 -5873
 887 -5652 -5434 -1125 -8738 -3178 3805 -8534 -4073 -3344 -2762 5606 6785 5787 8753 4142 8755 6350 -7345 1807 5418 6430 9503 -4421 1435 9085 3928 -6943 5678 -2815 2845 -5413 -6581 7188 2963 7040 -6242 -7513 4492 2051 4097 1330 -7745 6362 5950 -9538 4875 -9650 4402 9929 5651 -5821 3098 6552 3026 9961 1660 2328 8298 3976 -9401 401 8609 5638
 -1279 -6173 -9063 3623 3575 6980 -3373 -3165 -2799 -3653 9401 -7703 5946 7137 2708 3975 4767 4783 -3898 3237 -4149 1113 3114 3114 3937 5753 -1469 -3680 4554 -8877 3130 7069 -3907 8578 8557 -330 2017 2940 8758 -6493 506 -5761 -6068 9184 7985 4684 1121 -3658 2396 3200 -7359 -6082 5318 60 -8920 3875 -8944 5644 -427 4623 3704 -669 -2644 9649
 -3933 -6689 -3960 5927 -1137 7355 1156 -595 -970 -5408 -8410 -516 7278 -6834 9509 4391 4589 -1546 575 1547 4669 8428 -2587 -6259 -2006 3984 5556 4473 289 -6015 5167 -9775 5049 8940 8973 6815 4151 -8332 2826 -1886 89 -2233 6995 2960 -8427 9079 -7709 -219 5889 1218 3029 -7105 -5952 7043 -7613 4475 -4614 3387 -971 7978 941 4765 7609 7315
 -9873 -9007 9565 -3606 -4566 -592 6526 3634 7011 7306 8184 3080 -9507 -2488 -1273 -3282 1110 -5718 -9528 -7053 -5098 9373 -4356 -1834 5345 8293 3166 1349 4096 1467 -3716 8489 6209 -148 -9625 -2256 9842 8836 -4428 -1501 -889 -6188 7095 419 -6773 4190 2763 8616 -5946 -2682 -3939 -6211 -6761 8911 5383 2422 -7348 -5447 -1427 -9195 -6230 -5057 5839 -4298
 -1083 -458 -6647 3637 -3584 -9275 -7893 -9018 2172 -3082 -2036 8262 -7994 -1709 -4821 -1728 2779 -3812 -8268 9466 9647 4179 -7055 -704 -1279 2196 -9242 -5804 -4427 3868 -2618 150 6440 -1900 -6050 8561 -1760 8568 9511 -9936 -1845 4259 -9929 9202 -2415 -6061 -119 -9645 -2456 283 1891 -9447 -1470 4982 6829 9517 940 -3439 1696 2641 -8776 9087 -8220 -3800
 1331 -4586 4155 6386 -8769 -9331 -6139 -1700 -1469 -1087 7420 1220 -1428 8861 -8957 2969 2307 -7772 3632 -8235 7175 4309 9064 5770 -9264 3792 -3495 -8144 -3784 -2894 -6460 3020 -6686 228 -236 -1261 -8305 -374 -1482 -7460 -8142 7667 -8032 -3645 5719 9217 1849 -728 3043 -2570 -6352 7865 3568 4549 1549 -5851 -7446 -5650 -8841 -5070 -8119 6823 -612 7503
 -8528 -1795 -9030 -6413 6637 4523 -7711 -7269 -5716 -153 608 -4984 8141 246 -6956 1243 -887 -2892 2155 -1254 8638 -785 -6755 -4579 2248 -5223 -9856 669 703 -2775 3414 -3383 2323 8699 5421 1015 -2713 1847 537 7930 -9738 4759 4769 2255 -8250 -125 1798 7984 -4395 -3841 8193 8048 7287 9058 -8509 5586 1395 8396 2066 7857 -9688 3423 8244 5409
 -5177 -530 2205 5237 -2525 7593 5858 -246 5995 2253 1681 2128 -5186 -8915 -4095 -6213 -1652 718 411 7371 -6754 8355 -4905 -7026 -4434 1372 5902 7180 -3488 -3105 -8235 -9871 465 -8395 -9011 -2650 7053 -9029 -9007 -2124 5480 2077 -63 -3237 -6107 2586 -5248 8872 -9420 3280 331 9620 -6329 -1522 -7416 -8504 3115 -9144 -2224 7221 -6572 -3026 6860 -7130
