32087947 192496332 -203265137 93129579 120225279 -484505819 146985403 133188697 72041869 284310320 73356533 75056768 -157187155 -60827380 -50394785 232691268 -83722934 -233772484 217091376 86776272 49817334 -47092265 -236207336 142117525 -147707560 -158075187 126127131 82336542 -182572345 -339046402 231693887 113405901
-397748699 25978558 208036050 -158455050 165185724 133213543 14582278 81767909 -469430177 357586368 -158634021 -87914357 203442373 -44372625 142426627 -141434407 -258003610 -98484244 -228125111 -327731393 -26420351 -160077244 47692950 26082313 18060657 -100453961 -33261790 -25315784 -11115098 100635543 -100886145 8389158
91324468 -86149531 9135467 -126053831 -247143635 125999275 140675472 -10289782 274977173 -221884159 72996733 168260015 -242592576 -157575267 -332726248 101250285 121089700 -86896084 61465228 82971001 38388176 -107219487 -167867904 -107325647 -144354004 129610616 -311534949 118107820 76211534 -270443531 73226965 6388619
-340349958 -160069934 -5598937 -268917852 184970404 -457330054 28810993 537008202 -13606272 143609209 -305788410 229553936 -196188403 656386024 -309773719 133952146 -534855676 217547020 -163603220 223779551 -162124996 288497807 -94862619 276553726 -203838144 -236650879 -232011635 274357021 34712260 562050314 93982037 174513156
-175926517 404457166 111430078 -97406403 -174860787 -88488829 163849458 -134725577 -301750505 -40034195 -88938100 -106271047 142415422 -475020362 -119367944 -173160014 39140690 -74212521 -67972220 -153852987 189243436 -44089781 74660478 -40237348 -360319719 -96979144 25538862 -84288327 2896510 93475744 -93479055 263353870
6428430 -143826115 -14972644 -275706672 98490960 -5179423 72166521 -93559907 -64937205 55715503 43988825 -13630785 46363666 248489119 121968615 82119122 -93567534 31341297 -76250161 69335995 -80486968 452197314 -156571330 513876942 81905761 -132055683 166155017 335856892 -15257899 71377416 -54065723 -161838967
-132460160 106152157 -218793139 -247929250 284855064 -234737964 -58079293 -86683049 96004975 307510234 64700659 87797533 -59429908 445352030 -67293816 -274449610 -142815299 -464874471 16693694 -210343936 162101196 25968008 160746199 233956677 2745417 23241357 216403445 -63937407 -180518131 239347588 -124148789 -44821673
-361149913 -214207941 -178691296 30135063 132286498 -13085020 157789728 279970848 -61559777 260343157 259547863 211961128 -25232092 177947971 -27936642 -98089622 118855059 245311423 -33440351 -202818141 122234719 -56981342 -74808579 402065178 151478522 172333 -69163373 140772213 10918122 222029794 171341999 473582991
28771049 -109929786 72012885 -101842447 350735496 -28165664 116662592 -36692386 98378332 212123784 -90127539 68089872 88292713 -70335163 125204591 -31880233 92250281 -342097946 92520708 164790860 29450588 -127379725 -199933150 -26682588 -339659489 128032592 -187682932 -256393688 316536931 90343539 513442079 321426405
-249891331 195684483 -152026831 -219816865 -149453454 -521999473 -335133755 187386371 78066826 165864719 -119803886 -66998873 -44971468 -130753717 -124419284 -221428594 -32866282 -112513015 -211646197 12039050 -120259562 58058422 104198863 -184697895 -187516222 35201590 -291127338 95538390 31340641 254865917 -297462091 -157599017
-80997711 -210651396 -179241556 54227673 7367692 -380245595 119108310 250036417 -167729404 272593272 -198212085 415710327 21296139 370900597 -192348678 214197318 -284831072 18778452 -107779509 34637171 -306166624 -261532116 20233107 224125612 -428704 -54881421 93132327 210408872 -357241095 204329318 -46027179 -21498111
471430888 209139488 -370209079 -91393831 36829597 88545536 -30017516 149239144 -69738677 -45855183 -6996775 -223457835 -23108402 6672119 121153613 -50293717 54059880 -42063831 -32858595 -194939238 -110562363 -32417622 -26540941 -194099568 106889990 88534356 157231825 101689799 -181847457 -332614648 228618717 56787479
95979181 96820242 -217049031 305937212 383448570 -13435719 -371259196 264071924 182385331 126510093 -397570012 -546107405 -58824591 417458648 52739137 -221270435 249811822 84638975 -116259020 -212057342 -301395318 255951476 56241397 10020164 -63009206 -238638869 139743406 -154200287 327702859 69745764 -213878060 413108670
147910559 -11506945 -50544156 273104568 -50923415 127733249 -57338517 -44676235 -128895680 214151864 -51952283 -46682807 -66214493 -50837737 277507846 -217094266 -38674664 69893607 -228330459 -173163476 -77733939 -175582359 -12721022 -41919773 611115545 17078988 168124669 -192116128 -25610693 -207533200 -58400158 -192152235
-49871191 230602864 314205812 -133253078 -153470169 359021789 -15219110 -122881475 144415516 -170179612 90830850 -144220802 -82946383 -84657764 -157305360 -61350263 -2271460 -195106054 -210927653 -161903604 156322617 41104376 64642352 208048854 85509143 -172361448 -56489897 -419228 153311247 -181918394 -132873766 -220474389
-9675463 -517476 -231870530 147922783 255706185 -292279571 -355820848 189910008 383640337 -161438422 122191158 -50192959 -112000571 162295779 363166358 174434608 30685835 193577280 29507732 284228681 -33451719 114863132 64924288 38229735 -186458189 134756312 60629519 -190990702 185172336 -50327380 331529402 -176590558
90030009 267261769 41322161 97874123 336641611 -45088555 27862525 92649306 283510121 154968398 -121281344 -88054556 259859103 462095321 216053474 153555088 81888169 58439403 -54291877 257694598 -16267670 -2476380 -50734433 -197524955 -145016097 -388665807 8822052 -89403053 389541087 -299931496 245212876 139619229
-161535223 -34753743 195674028 49159813 -256824443 99173128 177885396 -263569161 -340844986 199324669 -217776359 16377543 181726479 -369763216 -58730394 -132739929 289222836 -162831003 -106836766 -130356464 -208095793 -419925016 -28360034 24471599 18847452 -131949910 1729666 -261079542 -169914446 4950657 -510732929 143731589
-95874933 -145460197 -171578867 -90233213 82766105 106811099 -138747229 163495589 -171961801 -168051183 36565881 148117414 -103714838 10557448 -30996026 -40183467 -181895415 125110230 -96315781 -139017775 190135394 69511641 -183394243 248654317 -21390111 -248784078 217336953 118114356 90600997 86695299 39270065 53392206
-18570818 -122738336 -242787904 -3806501 -91985500 -52463854 273570336 -312543345 297697992 -77734225 -6346046 -90247483 190966854 -267329339 49715363 -124704221 257590768 98950174 40326507 152987567 -139465581 -33101822 -90732897 310790749 -144177283 43921742 42857215 -132466328 54238290 -147353633 -118838782 85380194
-184289182 -413815195 -55951223 -169801224 -139626897 222622103 154093281 -240044644 72544892 -221369767 312363507 -102057127 -107888795 122211781 -138409378 -5648388 -152055047 -25669567 48969759 151370526 244760103 71558875 59434736 425000455 -227627929 -62295728 72578327 15191422 -112160923 -294321795 -171628901 138143452
204369014 -18190548 169197818 175901517 -106953941 28111297 -206625472 -239301255 35591031 -109175209 208181164 -322536699 236842940 -133307371 316076608 114291715 137865537 18000942 304474151 76956159 -37796653 153454269 -78328519 -44836202 225992998 35243695 90924909 7201661 -21395655 9775770 246074633 50979520
-68685506 -190945822 -99682100 126862461 418723317 233648519 37800570 159026459 188500639 160886980 172320928 -10999445 -139803764 279395261 295480238 15348083 250240756 -202420227 32922591 -24462197 -36569111 39830018 -180216294 48503358 214837348 -223935749 229572616 -173416565 104603347 -314251910 157326158 124065852
-233204305 -215809645 182938994 223868289 237025080 85306258 -379371688 18319142 -337970727 -102171330 -120703868 -102685954 124108332 4740830 186469868 15060201 -184093814 116891096 -343395366 -107455508 -28912420 -261299579 -245821934 122864280 -27812810 -208266326 463149386 -333735366 228352324 -173145486 -329372333 234166574
-179894823 -218003536 253721439 -176347908 -358985741 233288437 -223691286 -92953850 -59503611 -309761825 48462974 -114094584 39341813 -41610564 9682766 129262722 192493158 91829037 -201330114 -180361300 -278379134 -213049144 -105863709 274951981 259802255 -111227560 14615642 -67116772 -168936736 43269769 -220279693 120828348
-369994601 -327512180 299583877 -10294730 -14964948 431729046 342444678 -288138367 -55809168 -207729839 103417603 188066829 -246556685 -36584421 -300636585 114889729 -44546812 74105920 98357427 284853505 112702285 550914 433661016 -280446949 -125525048 35473821 -124215745 -407658233 133123186 -142027065 -133856131 -262775871
5664986 -147179476 146909804 25893190 165612787 -99516555 -263036422 -44621786 86044363 111109827 -120718640 -142206867 229445162 151600977 523103277 157172316 -186176560 -73077762 -181691149 184356569 -258935230 87703298 -215238260 -128272038 169026720 -551571658 243927430 -113777807 204085557 -129824852 78552687 -123932881
172003164 76760995 -90666008 22610501 -105764444 -47783640 51922965 -254347202 50608887 -386091399 -166023339 -53636037 -27017953 -1507781 -246031533 -15936655 -160211989 27743411 17707564 200247079 139124771 307583680 -168027439 34066147 -256966146 29973044 101504857 -141534686 73307870 -19599909 -84650350 110290732
38873807 -264139194 57273022 -22222367 267686201 -269678686 246486590 34012585 -110668941 102045708 -133004071 68476395 -262125026 -118123931 -54983292 371148039 -240121239 143399716 285024572 338585265 184561303 71005054 -236948788 99715485 -340866830 -170214761 167411869 -83186984 -134743566 -88543742 196980214 203381355
-206329861 -297935625 17469751 41500358 74730110 334526669 210310309 -149721730 -19325701 -71529813 164031456 60683281 -317073025 -111235360 -63717460 -10408606 15311955 3495814 119759202 -145200098 255389707 187889039 -159267406 209203939 245524423 -153776984 35791542 -92594235 -97842185 -131521608 -70750879 -57399108
-236202848 183895567 51108186 -77376648 -83522194 35317084 519887037 -52341554 11984486 16955685 117565026 275395852 43818731 -184056772 -254545213 72592668 43161505 58777000 -40273426 -56208138 122937845 -169187072 117306332 -6089946 13183930 -12984337 -159987704 -89603499 -335523477 40360674 -126208731 28435277
-225466360 -541933869 132181447 320461167 -262921204 -99545106 -105273588 -216185008 -298666864 -48772435 -453610930 96637994 305057203 3462769 208743044 -253256385 -67253921 113790237 -296246604 171230179 -180260541 -276753403 -276208566 -35071329 187517393 -299822675 380197493 -396748829 178310936 161644034 -381481080 284870388